2.492227603046330842e-01 5.636156506801139887e-01 4.906672868890293859e-02 8.608927537824906384e-01 2.130300011827948037e-01 2.657460282509148675e-01 1.661491385423279343e-01 8.603452378618252627e-01 4.196357448420364733e-01 1.527987936251509193e-01
4.501743272409708396e-01 7.514821307845392928e-01 2.851883229144901444e-01 5.174473920097488744e-02 1.839550550433389775e-01 4.045898729070677158e-01 6.517467146009098267e-01 2.358397307574449098e-01 4.230635480778199842e-01 9.086350839427406179e-01
8.046568676410987830e-01 4.580980199083384274e-02 2.508204967134225472e-01 4.028652497798028698e-01 1.640041184462035506e-01 6.953312949525376485e-01 8.934928698274396952e-01 4.127510967580335643e-01 6.548486558189797746e-01 1.525856322853225144e-02
2.813535296555919052e-01 5.500125508821609444e-01 9.327261038927530112e-01 5.555126503444819397e-01 8.396707738074067340e-01 7.259300548944115361e-01 8.737745373453961184e-01 9.699771229241135329e-01 3.527878137976339090e-01 6.825030282303822249e-01
5.564624001277966858e-01 5.492756223583461495e-02 4.784035112496788367e-01 1.756325280281387791e-01 2.960794986015161667e-01 8.566338465415362924e-01 1.347253672890968978e-02 9.162095251011082020e-03 1.947122582939784241e-01 8.599208195783460962e-01
7.877241210869614374e-01 8.640156044210717257e-01 2.227720138401823036e-02 8.989116476479505069e-01 5.369662653815177045e-01 5.004554320699026171e-01 8.047945958904996200e-01 8.646236884999314309e-02 9.764371739617770940e-01 9.038845406774169700e-01
2.334312956273494333e-01 5.371191158425067114e-01 6.617083037814056601e-01 2.866781685892972886e-01 3.859829983692737443e-01 6.984552596383946099e-01 8.986605480859024553e-01 9.177418669212037416e-01 6.628079939110863572e-01 8.581828613200447320e-01
3.906182526765457075e-01 4.212382412385557995e-01 9.861232362480482072e-01 4.400091908990798606e-01 6.109559215748091576e-01 5.165712674747237054e-01 4.071305277438723724e-01 9.254642281146858718e-01 1.343287254010202547e-01 1.493779101889736172e-01
3.025093726871475042e-02 2.735276369751696857e-01 9.835778562647994328e-01 5.712317173329738429e-01 4.870506342649923992e-01 9.008481435116665326e-01 1.380879137855289818e-01 6.722022363244857246e-01 1.938195087211450618e-01 9.744745020909814093e-01
6.050272026128646896e-01 7.880766553111095973e-01 4.737730497298189292e-01 5.515805542268111816e-01 9.987910544546182434e-01 3.972039066139217978e-01 6.462070839878497619e-02 8.404425049090311628e-01 8.512480953068890521e-02 7.960427263264835407e-02
2.433553977095986864e-01 1.553352813881723193e-01 3.458811564442466624e-01 2.740785742152879179e-01 9.037503921572860310e-01 6.054389689331367563e-01 8.079982197346080586e-02 5.649361904428922276e-01 1.968418971641827664e-01 9.925578304305929800e-01
6.186512174880642867e-02 4.597916191162082500e-01 8.143649880221678350e-01 8.367042438564694651e-01 3.690547380353278450e-01 7.656735945119789166e-01 8.223571743329074479e-01 5.652619279326362989e-01 4.451005632816451563e-02 4.587901819032673689e-01
3.516869493737102559e-01 8.355025042360149090e-01 2.565434214296173909e-01 3.901940299648278820e-01 7.122896516267843703e-01 9.484464253782423082e-01 6.265503638922480523e-01 9.586169766852070673e-02 4.665772600769066969e-01 2.992730232332289075e-01
4.361458125684787301e-01 7.302280268746830227e-02 7.417239260200914064e-02 3.890865117063604384e-01 5.722745827193476131e-01 1.864947403550357707e-01 3.963821100613849069e-01 1.116675487966992675e-01 9.618704512921316674e-01 9.890145078325628392e-01
4.290096632755654449e-01 4.834496608335836498e-01 9.360574358529297756e-01 2.153090344105664800e-01 1.323726037952490664e-01 5.321856551597891061e-01 8.280435426739565230e-01 8.952532553778658198e-02 7.503045959584440094e-01 1.885130876275528111e-01
8.501874527710994167e-01 5.989643820618728576e-02 8.435895298794549024e-01 3.345535216412143242e-02 2.695738719481601819e-01 1.836234209990889044e-01 2.395938183394972221e-01 4.454115209510461915e-01 5.156313406504926533e-01 4.245281426895952670e-02
7.945620137484270540e-01 7.178900120506611637e-01 1.686617780548560486e-01 7.607734535245002094e-01 4.341512983251949453e-01 1.611997467498751391e-01 3.935026100012484207e-01 5.322813891612976356e-01 4.640234976725664540e-01 1.520007314185097824e-01
2.984790114941681116e-01 7.092755887609824006e-01 1.541502129510321506e-01 5.300683477861394266e-01 3.250807850931654031e-01 8.861481459604363398e-01 2.134396078737565983e-02 4.682567796079870615e-01 9.667635393478681838e-01 1.187569779192259034e-01
5.465553268952771937e-01 5.786434806689291221e-01 1.149329012511828285e-01 9.802474999818679979e-01 7.684135290887358360e-01 7.941905059095635266e-01 8.870584634412899128e-01 1.113719446807911462e-01 7.798043615006524654e-01 8.231898399870513083e-01
7.537738114010372747e-01 4.230938389457472582e-02 4.881871106951879424e-01 5.879442701425036111e-01 2.717728965449257572e-01 2.047742020899168125e-02 7.503358649861655572e-01 1.659465881894836015e-01 4.198035048543936609e-01 1.644234154781331059e-01
1.751317631814970355e-01 2.378462508781264972e-03 3.351992051001783102e-01 8.475155777196141660e-01 6.873110969319310426e-01 1.376719412817123400e-01 2.427981581467657524e-01 2.113460982533599264e-01 8.484041615879465148e-01 9.193218259318249874e-01
5.659247067278706522e-01 1.439894540285679980e-02 9.544989952637089603e-01 8.788635688702950421e-02 5.151774019044382813e-01 8.585897448447126212e-01 7.342594366782383419e-01 5.114462625646248872e-01 3.164045829689907663e-01 7.556238397460818268e-01
1.540769266786631286e-01 7.234724370077670885e-01 4.811711639821196762e-01 3.338851909393990569e-01 7.652402153730657464e-01 9.140029921371188859e-01 3.362815470860982536e-01 6.303569635593951892e-01 4.372248976062167447e-01 3.691469102029987237e-01
4.959978780329302728e-01 1.971548790586199473e-01 7.915826744117008262e-01 6.463831692850753319e-01 1.912976752134633029e-01 2.846011587668730858e-01 7.143813749839372784e-01 1.067470551767466524e-01 9.596315617549998622e-01 8.044880414861654838e-02
9.066075701934400710e-01 7.810210411347022763e-01 1.785005419200589305e-01 4.796304656440827374e-01 7.560966339349298737e-01 4.859634578966250951e-01 4.494275961966006649e-01 5.865871555467648824e-01 8.382740524617370292e-01 3.153057924521126543e-01
8.322007723617201869e-01 3.261199619326349275e-02 1.258354766399734093e-01 2.310651824538002552e-01 3.472308825365036933e-01 3.936284785907975259e-01 4.336587313808575317e-01 7.277090084789705760e-01 8.439577036842871305e-01 5.371212233883764231e-01
7.651430965077699042e-03 9.160595947939214057e-01 7.930034703340854696e-01 5.888774009207224935e-01 6.607649341619382666e-01 9.917078352105650474e-01 5.817117635523449959e-02 6.166157448606268687e-01 7.833720584291750111e-01 9.414171362113656905e-01
4.623305568079502104e-01 4.924150050396991496e-01 9.538203478144796632e-01 6.814945380173683676e-01 2.738933464484694102e-02 6.362516651421845637e-01 1.586853941538078905e-01 1.016486015826704170e-01 3.034525750522760745e-01 4.191620780990794604e-01
6.545515445666407750e-01 8.591863255272131905e-01 3.745935507160027544e-01 6.345922076212062723e-01 8.444933671998358093e-01 4.131868844213326675e-02 7.548520145674644244e-01 2.011455866175090312e-01 2.411833643436372965e-01 8.850620472336534483e-03
8.035155754346045009e-01 2.802196571948928350e-01 6.041625619719837026e-02 2.294887872856509192e-01 2.015736224304343072e-01 7.051938367405026220e-01 3.674019694680278336e-01 1.725077879137268955e-01 6.129559432820641529e-01 3.653385786156848614e-01
1.149884348776776255e-01 4.401430584886789621e-01 8.805670406079019186e-01 7.972688632847531043e-01 8.078394622821681859e-01 9.623308898578971649e-01 8.948805908916923624e-01 7.949910791496975770e-01 5.548029290040056294e-01 6.014234386949688371e-01
2.951022483761589488e-01 6.885809535290333683e-01 6.604161004102406807e-01 2.349397080839110696e-02 1.169835907572379652e-01 6.058297045891205546e-01 3.052774225432608457e-01 5.502557074241317681e-01 4.357745784072419859e-02 4.044699502202520058e-01
4.190444740267734725e-01 2.277195510107541399e-01 5.943410575621754788e-04 9.800940135312777857e-01 6.250771988375682930e-01 7.121902230270293899e-01 2.663248229488531793e-01 8.683453119069606263e-02 4.036048979914114154e-01 4.619381125246214692e-01
3.911947742437027475e-01 2.682506583211661244e-01 2.843687258833450526e-01 7.423737951013191783e-01 1.474589477160782591e-01 5.646250310286369256e-01 6.283394585655495135e-01 1.609417861830788610e-01 5.523814570454816941e-01 6.903599475752222325e-01
5.117736686866184437e-01 8.793434876504002684e-02 7.962472089436307687e-01 1.919351258612902456e-01 7.402129771486818388e-01 5.325277898949576372e-02 2.912085576292047229e-01 1.620752912250077449e-01 8.640759270080117238e-01 5.437222019600316258e-01
9.735360436085115365e-01 6.739591306648776703e-01 4.985835079467527686e-01 7.631698979219609935e-01 4.351863065598237101e-01 6.347725400162843590e-01 1.807073203492881586e-02 5.015066681077096078e-03 4.947692255936871897e-01 1.917731894852391372e-01
7.057060047446139794e-02 1.251520520429887373e-01 1.178462852237129876e-01 5.322207712342852393e-01 3.759838446001446677e-01 1.372574107716617586e-01 3.125876917134806643e-02 9.916229126441535868e-01 3.844701295801677965e-02 4.305174276484189377e-01
6.201270591104930396e-01 4.450348424234020772e-01 6.895220267154091864e-01 3.414910392058311261e-01 6.950768423629994919e-01 6.654858128217127078e-01 6.198224947389099349e-01 5.344409980648257008e-02 6.647578273287466644e-01 3.148779434455103443e-01
8.029905216179473726e-01 9.854796702577612866e-01 1.161317193019062444e-01 7.536479897941585904e-01 2.332886645995629893e-01 1.247220814977325620e-01 5.913169267734317280e-01 6.352039938145555009e-01 8.074937011350867833e-01 3.309859825977574666e-01
5.749635965991531927e-01 8.348565968213060851e-01 9.823307498385990266e-01 2.521332747032126731e-01 1.038866991283170504e-01 7.175027887586673536e-01 9.285874369682545204e-01 9.835903388708816530e-01 1.288463093976791596e-01 1.064868949336243986e-01
9.778452317851049624e-02 5.891321057384035775e-02 2.260824401241409154e-01 7.521763536630712288e-01 5.348861166013851864e-03 8.693787047359328168e-01 1.043319451875672765e-01 6.198605274627122519e-02 1.047705668076983621e-01 6.903909652903051919e-01
4.134775087351679757e-01 7.942277667206442127e-01 1.875187040998403942e-01 7.079367514369191428e-01 4.245886463794276144e-01 7.078656737959614365e-01 5.760848073994387919e-01 9.487238355893935493e-01 8.385928438478427172e-01 3.894365084462358961e-02
1.973534899130217068e-01 3.551778024454760319e-01 5.892637352229405101e-01 3.978405922160274111e-01 1.191109499064616495e-01 2.589978327765519728e-01 7.092971584169145416e-01 6.958605010101845956e-01 9.438989035993065047e-01 1.964779987684117657e-01
8.061831148709963646e-02 2.404919786387617053e-01 1.242081534081863614e-01 1.926082753826681149e-01 7.024767595068257542e-01 3.293656472040610295e-01 8.081855194855133151e-01 6.735074263684867057e-01 6.538653853280086414e-01 3.713884854737481422e-01
3.191301961240956553e-01 4.826499701975371925e-01 8.745152803315060508e-01 1.544949839102550682e-01 6.716003215952215388e-02 3.297000559700641320e-01 5.346691851258746908e-01 3.074651840736353225e-01 4.865124421916379172e-01 8.575223936334249730e-01
3.187058658189929616e-01 1.052924430422497171e-01 8.873375022728100525e-01 9.181579640304607937e-01 8.971555815435831027e-01 3.743734393086736167e-01 5.284924256133691767e-01 1.497952616851533358e-01 2.762734245699628444e-01 3.977325090232183280e-01
8.342146620030048698e-01 8.461990563511204710e-01 7.624529018787362666e-02 2.823746247905901674e-01 1.164735022613906379e-01 3.782824055389718554e-01 4.141321215196424044e-01 2.858109331226225125e-01 4.537189565878529951e-01 7.660618995235257689e-02
3.937854874845316822e-01 2.021381030733498951e-01 4.241964088597287574e-01 2.586770011970513927e-01 8.053806768839639751e-01 5.581186761396466078e-01 7.021709029989530171e-01 9.839309937794115113e-01 3.833967672211351374e-01 3.986703393856084743e-01
2.371179026278020796e-01 3.622117752244484734e-01 2.311271740269119634e-01 3.803255154791260750e-01 7.084107316312108216e-01 2.502238604450506276e-01 5.603874588907015175e-01 6.865327871986816044e-01 3.993166858326251401e-01 3.077487634879183531e-02
2.421574303315242593e-01 8.043533989215385649e-01 9.931916649149362675e-01 5.923606737895232843e-01 9.039434712022120788e-01 7.126715712653625134e-01 4.901738738067896728e-01 1.521498422623149827e-01 3.202338124251991047e-01 1.159227861029510365e-03
7.169775278430672305e-01 5.085003515784459749e-01 7.328661621920991021e-01 5.796189558849743628e-01 1.259558376622639253e-01 3.174750583116064950e-01 4.997103406374611145e-01 2.826881228817831326e-01 6.445311920493125291e-01 6.919884562648914716e-01
4.659758969169073284e-01 4.560263458790169144e-01 1.667963567901826760e-01 6.157252266784385419e-02 6.524910026106659489e-01 3.306221729041134427e-01 5.523987219666930404e-01 8.728417273437686363e-01 2.519776970441264252e-01 5.736230535020392374e-02
1.960684736783135929e-01 4.218807615522578436e-01 8.105235628659579472e-01 2.587582140483546400e-01 2.616882668054237859e-01 6.337079914394141422e-01 1.940825327566542136e-02 3.150525282305520758e-01 7.418030315455316215e-01 5.938061777386902662e-01
5.571461783142837021e-01 7.201428669199113619e-01 3.014441159303067330e-01 2.613537869507637224e-01 2.357585721296677761e-01 8.501952011174540580e-02 3.032868928953256216e-01 1.488638819627311483e-01 4.251037006115563344e-01 5.555924447626195972e-01
5.505185678455315479e-02 8.077709035846203367e-01 2.523036720679764366e-01 4.149845137039437359e-01 1.274313633154124936e-01 9.246451722953568098e-01 4.087984143044834928e-01 4.477979868316647183e-01 9.556130037515704334e-01 4.230188097288803961e-01
4.729844979164400387e-01 6.602576197545497738e-01 8.151258402742078690e-01 1.416140467470287101e-01 6.553483082969008278e-01 9.077256837833621583e-01 5.114139647925113330e-01 9.062242768959385408e-01 1.796799490905758301e-01 8.016679431364263086e-01
9.693394857344370674e-01 2.407600993848562076e-01 7.607631981341855809e-02 1.796229591989839669e-02 6.653271106864834250e-01 2.202863486935480175e-02 9.683025256634338884e-01 6.483290081386648973e-01 2.565261302109785868e-01 6.654971386628448782e-01
7.046897942966856565e-02 3.159376456845564007e-02 3.140034740701046490e-01 4.413488458404705161e-01 2.699361767313342986e-01 1.943732639470185930e-01 1.413085839588662518e-01 9.404142006712107316e-01 5.521771411333175061e-01 4.926828758997179314e-01
1.868141336662286767e-01 9.743461277034096701e-01 1.903416115048739421e-02 8.629455022068706072e-01 9.888712164288762096e-01 4.100107135155670601e-01 8.893127736039793119e-01 3.896477518655875327e-01 1.162507911142455219e-01 6.535455374501202286e-01
7.950612966541116267e-01 8.919898374392133400e-01 1.831317557309083410e-01 9.429555830532857508e-01 3.600785702780739950e-01 8.452385710609221503e-01 8.232424329242890026e-01 8.383289176180030999e-01 1.201220278140102682e-01 8.430119574832944940e-01
1.685296795600992326e-01 3.430919453714227352e-01 7.917053155321081004e-01 6.647726476379799410e-01 6.597782259218624157e-01 7.433656553222419694e-01 5.353893306837658184e-01 3.267567532118939022e-01 5.348522694751550732e-01 3.512830729939381280e-01
2.613492537424804141e-01 7.314026449613514336e-01 8.845463669132214157e-01 3.386071180222192112e-01 6.494129273099651378e-01 6.417281168799566782e-01 5.584973260104654225e-01 9.184968840052749606e-01 9.930625072481493731e-01 5.256679386885051430e-01
2.786729824852375303e-01 2.970908081896588282e-01 3.959744763481051200e-01 6.562294731045341667e-01 3.047210954533803307e-01 6.541763977101187066e-01 8.421299543011540045e-01 4.741039953021166653e-01 3.364974224120953483e-02 9.764290992146871240e-01
1.723122768671374594e-01 9.862166853539460210e-01 1.547984164819332653e-01 3.969042038981215326e-01 6.979785271952085868e-01 9.223366347127096576e-01 8.388090315096649041e-01 9.341768675229784602e-01 7.659117375154866902e-01 1.302192639334573965e-01
5.448371462844929791e-01 4.293210923414436664e-01 9.330081775480036921e-02 8.953653866235069536e-01 8.600046512876428073e-01 9.076370824448229957e-01 1.133445469160518915e-01 2.900665645197493259e-01 1.821202435241785489e-01 3.194717202242881582e-01
8.341067463686484551e-01 5.848942592134664942e-01 9.705345375932721286e-01 5.012409197479679168e-01 6.014450215508027053e-01 5.163815594376454099e-01 7.977960577700631273e-01 9.390444419541345011e-01 7.868450195226771582e-01 1.936671478031920524e-01
1.496940619002089523e-01 7.015882883310899931e-01 9.260832214009420138e-01 8.841888519937300961e-01 1.071720518014066537e-01 3.678771291919904485e-01 9.470510803112390796e-01 8.569572327536117973e-01 4.882880419686498330e-01 1.842299514909152558e-01
8.572515066685637564e-01 8.085095764833807319e-01 3.370861419191738539e-01 5.387780991046015044e-01 2.086466842273105859e-01 8.717590260746852504e-01 8.159586787850681144e-02 8.648982212390867730e-01 2.326976148410633272e-01 8.718582084476077521e-01
9.141425602472184053e-01 3.798404308678403618e-01 3.904769965492206341e-01 8.246429899178016054e-01 6.821816865430155863e-01 2.546157396253525551e-01 6.972508906153732644e-01 4.847038168359152355e-02 7.197064721099168949e-01 7.606937426694754256e-01
2.646141585973482702e-02 4.946335923083599040e-01 2.852815634708192327e-01 6.373067723326385492e-01 6.770291523442512061e-01 6.957912678941479134e-01 3.325796591469547536e-01 8.923182687718641537e-01 9.858956914721273002e-01 9.082556768979270778e-01
3.808855683132903458e-01 6.538806363182652071e-01 9.716136606601433190e-02 8.800439605057142067e-01 9.731835321275310591e-01 4.051419676465284336e-01 4.295798843980835890e-02 1.747958119942538691e-02 3.657386700402452950e-01 5.354447152480872330e-01
7.231083647366506328e-01 3.698824180928461658e-02 2.732041794484010300e-01 2.841843712780189879e-02 1.690393346280139042e-01 2.764478136176244938e-01 5.365748419629892130e-01 9.460720579724287704e-01 2.816036126389338534e-01 4.732455406557947164e-01
3.064975390728648108e-01 9.153363446090072575e-01 2.492519886421946662e-01 2.974916273743644091e-01 7.820587041285984586e-01 8.305295832556779390e-01 2.604009618328610998e-01 1.277951252764892853e-01 2.145639864475584746e-01 9.833849403739310935e-01
7.771168456561838855e-02 7.357187057046620238e-01 7.496319513393898681e-01 7.117032901023080393e-01 4.746284276887136055e-02 9.145693297194728011e-01 3.466460267433915110e-01 8.601993351611501026e-01 7.437152305743298664e-01 5.448253006826599965e-01
9.091814049283720722e-01 7.126038846312552355e-01 8.388027411989418258e-02 1.872023058773188975e-01 6.233648510113888319e-01 4.325057607060038833e-01 8.154544439829233271e-01 5.339896480421703062e-01 7.008523041411138799e-01 5.430462743214570231e-02
3.352682650720636426e-01 1.770779405674578477e-01 8.412854932244829831e-01 2.666569293293533649e-01 6.830377702451218003e-01 2.280106382772306706e-02 6.039335237379567234e-01 2.811111122151044306e-01 8.540191492888171698e-02 5.741819898988020920e-02
4.218187796957997282e-01 3.703146419416456503e-01 6.492635755372667683e-01 9.420315964306056333e-01 1.010392224294800467e-01 3.593798434593075131e-01 2.379478132927137501e-01 8.482291411227230737e-01 8.427059482080684338e-01 8.642797055304167753e-01
7.821594575183830056e-01 7.192510008764095852e-01 8.783614048626759985e-01 8.264886916501457126e-01 2.121071607486335608e-01 2.554916985150967879e-01 5.566707425171040224e-01 3.839783220973895794e-01 6.791546759888236195e-01 4.564269812170718144e-01
8.732600396962701961e-01 1.565679084712380265e-01 2.348950314182277621e-01 4.004309820461865455e-01 3.445248774891478405e-01 2.438678733695833767e-01 2.710405586455838511e-01 9.198127786230223535e-01 5.476277535823284026e-01 1.102464752412227744e-01
7.374454980819172834e-01 4.108212059843835418e-01 3.043990818260906561e-01 9.606312199844529998e-01 7.821981825287388501e-01 1.821357074126925824e-01 2.730687501330254507e-01 3.685129667890749694e-01 2.561370215613194556e-01 4.998383818642124776e-01
9.169648468062705504e-01 3.891649604824032327e-02 2.462821091950495589e-02 2.302475284068336014e-01 4.908433275273297314e-01 8.204838905964815243e-01 9.846642316101950065e-01 1.683407477347235170e-01 9.196128588999626929e-01 8.883291031979912988e-01
1.296688821479377030e-01 2.664339365219495770e-01 2.962654254659160546e-01 1.610781798743102788e-01 1.287003235604704532e-01 5.575198471688112001e-01 6.244315570080671840e-01 3.776997597362485859e-01 4.506654112117254307e-01 8.244524612037751332e-02
1.262623673704984517e-01 3.908312392341625197e-01 2.617614973043314031e-01 8.462076270752596496e-01 4.111706960979359948e-01 6.002330451931181532e-01 2.860063839198444535e-01 3.965288602495993242e-01 8.395380541101792327e-01 6.591707570808261751e-01
3.893031398161340695e-01 3.788684915357088956e-01 8.582621356774674526e-01 5.019194188157470871e-01 5.175823231344772735e-01 8.027323238968663288e-01 6.222826723770187307e-01 9.149261438917215550e-01 1.658731056465027054e-01 6.508025125698446711e-02
1.373893786989304200e-01 5.090725588002206203e-01 9.157853899559662558e-01 9.878434585156816716e-01 3.848627033450324753e-02 2.571741087376465673e-01 4.361128846961294103e-01 3.000058958674184373e-01 6.914911913557933998e-01 9.927228059978376873e-01
5.539571957722224660e-01 9.615813545921437777e-01 3.366731302887965294e-01 9.910465606785808790e-01 7.573003167901753985e-01 2.663931790171103486e-03 8.143350579478726425e-01 6.961930719580700089e-02 8.125206299600337134e-01 1.774857380655676664e-01
3.304160342170061604e-01 9.225418984806643685e-01 3.671638928566033355e-01 3.566987941025092645e-01 5.018061459342407771e-01 5.486419256907971720e-01 7.830146449850279300e-01 9.275255504542712082e-01 8.379980377818468940e-01 8.171581485815460066e-01
7.616363933763699023e-01 8.295776386796160917e-02 5.665519227745204889e-01 7.763112747830137605e-01 7.048563110680086119e-01 5.988608844461986713e-01 4.092045385640665778e-01 3.611972174570927674e-01 3.145405064688971963e-01 2.503831808095539069e-01
9.803480550594041443e-01 3.389638956959865057e-01 5.572848062193502816e-01 2.066146168197062760e-01 9.776513429660392829e-01 8.526525358045036196e-01 8.082334104882251680e-01 8.834962544715729837e-01 6.117693347197941112e-01 5.452539176902100326e-01
2.384167456458096135e-01 1.124717931456105102e-01 4.983788730551911295e-01 3.810006271518113774e-01 9.963941014308197452e-01 3.927515415480785643e-01 6.344796611063771019e-01 4.930245469029379546e-01 8.314625528428161161e-01 7.024609969969863865e-02
9.991059610366390675e-01 6.574852609290275929e-01 5.525288250663414891e-01 1.652034271865886472e-01 2.503452853316224802e-01 8.785280694724157957e-01 5.317600516859510851e-01 8.240785791037930075e-01 4.996698283634944948e-01 3.192817337517259713e-01
3.085246074133399796e-01 3.400653154584903914e-01 6.600421171283508137e-01 2.797272782124680113e-01 4.572963207806211017e-01 6.252202242915306796e-01 6.644689440499317312e-01 3.086533052690676460e-01 9.227535322360072012e-01 8.105878506645347592e-03
9.036375978728389269e-01 2.154249770502152384e-01 2.109247157501439318e-01 1.155631580843097250e-01 3.023557436588597547e-02 5.160073299960865612e-02 5.232671372612712757e-01 2.849350492547122471e-01 7.777813059809917107e-01 6.922012218269013584e-01
8.551894499810808181e-02 1.479126354299571400e-01 3.881694883658902695e-01 6.906882849910300770e-02 4.838331260640399423e-01 9.465009408390893109e-01 6.564644545170594814e-02 9.291819567972403604e-01 8.007181062197428201e-01 6.203524383579062107e-02
5.738392763171539235e-01 5.676407040240363244e-01 1.850982126819091800e-01 4.587485275225624548e-01 4.611705285176753710e-01 4.243050554656812023e-01 8.970374060328982768e-01 5.372453828809857779e-01 7.517151170714181374e-01 6.483837118445316960e-01
4.933250047588992881e-01 7.446493153958342326e-01 6.343802368094888511e-01 3.722910267451292610e-01 8.697642641754276260e-01 3.095770069026837490e-03 5.432095871277149435e-01 4.780394143945307928e-01 9.648448945351510986e-01 8.336887358155137262e-01
6.673801235533862730e-01 7.851832834872634059e-01 6.590337198172390165e-01 5.698826556322498238e-01 6.378246981492932122e-01 3.822038864046427564e-01 1.003176388235993421e-01 1.491172463177121710e-01 5.625053457357186426e-01 2.771005553378250719e-01
5.034815258752317613e-01 2.288693504346610563e-01 5.423828402668754434e-01 5.981547621823246619e-01 8.435195898019187677e-02 7.109337373762230072e-01 9.962557762163918307e-01 5.016230033568669366e-02 6.142669453514464362e-01 2.336171975727632244e-01
1.824853624454619849e-01 2.723920601751228521e-02 8.286734037192904356e-01 9.945652948588500353e-01 2.922593765825045597e-01 4.736844195099356725e-01 5.724333322488602827e-01 3.515872240132950077e-01 6.890086774407377934e-02 7.693104191621746857e-01
8.038868611569905953e-01 9.494080648702879488e-01 2.297973943913826922e-01 6.991460412407214386e-01 3.130229969732606365e-01 6.328849721236999848e-01 2.288264157572239554e-02 4.427649096665851047e-01 6.215368204894268223e-01 5.156164723650682458e-01
